0.00000000e+00 3.45000000e+03 3.45000000e+03
1.00000000e-02 4.13513852e+03 3.55001845e+03
2.00000000e-02 4.82100509e+03 3.63907281e+03
3.00000000e-02 5.50756141e+03 3.72159620e+03
4.00000000e-02 6.19477312e+03 3.80019142e+03
5.00000000e-02 6.88260914e+03 3.87650116e+03
6.00000000e-02 7.57104108e+03 3.95162574e+03
7.00000000e-02 8.26004280e+03 4.02634120e+03
8.00000000e-02 8.94959003e+03 4.10122076e+03
9.00000000e-02 9.63966013e+03 4.17670635e+03
1.00000000e-01 1.03302318e+04 4.25315264e+03
1.10000000e-01 1.10212849e+04 4.33085521e+03
1.20000000e-01 1.17128003e+04 4.41006928e+03
1.30000000e-01 1.24047599e+04 4.49102248e+03
1.40000000e-01 1.30971460e+04 4.57392387e+03
1.50000000e-01 1.37899418e+04 4.65897048e+03
1.60000000e-01 1.44831312e+04 4.74635225e+03
1.70000000e-01 1.51766982e+04 4.83625571e+03
1.80000000e-01 1.58706276e+04 4.92886708e+03
1.90000000e-01 1.65649043e+04 5.02437465e+03
2.00000000e-01 1.72595137e+04 5.12297088e+03
2.10000000e-01 1.79544414e+04 5.22485429e+03
2.20000000e-01 1.86496732e+04 5.33023106e+03
2.30000000e-01 1.93451951e+04 5.43931665e+03
2.40000000e-01 2.00409933e+04 5.55233727e+03
2.50000000e-01 2.07370539e+04 5.66953139e+03
2.60000000e-01 2.14333634e+04 5.79115124e+03
2.70000000e-01 2.21299081e+04 5.91746436e+03
2.80000000e-01 2.28266745e+04 6.04875517e+03
2.90000000e-01 2.35236490e+04 6.18532670e+03
3.00000000e-01 2.42208180e+04 6.32750230e+03
3.10000000e-01 2.49181678e+04 6.47562756e+03
3.20000000e-01 2.56156848e+04 6.63007232e+03
3.30000000e-01 2.63133552e+04 6.79123282e+03
3.40000000e-01 2.70111651e+04 6.95953394e+03
3.50000000e-01 2.77091007e+04 7.13543176e+03
3.60000000e-01 2.84071480e+04 7.31941607e+03
3.70000000e-01 2.91052930e+04 7.51201327e+03
3.80000000e-01 2.98035216e+04 7.71378926e+03
3.90000000e-01 3.05018199e+04 7.92535268e+03
4.00000000e-01 3.12001739e+04 8.14735814e+03
4.10000000e-01 3.18985698e+04 8.38050975e+03
4.20000000e-01 3.25969940e+04 8.62556472e+03
4.30000000e-01 3.32954332e+04 8.88333702e+03
4.40000000e-01 3.39938745e+04 9.15470111e+03
4.50000000e-01 3.46923053e+04 9.44059565e+03
4.60000000e-01 3.53907139e+04 9.74202706e+03
4.70000000e-01 3.60890891e+04 1.00600728e+04
4.80000000e-01 3.67874205e+04 1.03958844e+04
4.90000000e-01 3.74856986e+04 1.07506896e+04
5.00000000e-01 3.81839149e+04 1.11257939e+04
5.10000000e-01 3.88820617e+04 1.15225811e+04
5.20000000e-01 3.95801326e+04 1.19425119e+04
5.30000000e-01 4.02781220e+04 1.23871217e+04
5.40000000e-01 4.09760255e+04 1.28580150e+04
5.50000000e-01 4.16738395e+04 1.33568584e+04
5.60000000e-01 4.23715612e+04 1.38853698e+04
5.70000000e-01 4.30691889e+04 1.44453045e+04
5.80000000e-01 4.37667213e+04 1.50384382e+04
5.90000000e-01 4.44641580e+04 1.56665450e+04
6.00000000e-01 4.51614990e+04 1.63313733e+04
6.10000000e-01 4.58587448e+04 1.70346166e+04
6.20000000e-01 4.65558962e+04 1.77778824e+04
6.30000000e-01 4.72529544e+04 1.85626588e+04
6.40000000e-01 4.79499210e+04 1.93902801e+04
6.50000000e-01 4.86467975e+04 2.02618933e+04
6.60000000e-01 4.93435859e+04 2.11784268e+04
6.70000000e-01 5.00402882e+04 2.21405631e+04
6.80000000e-01 5.07369067e+04 2.31487177e+04
6.90000000e-01 5.14334438e+04 2.42030250e+04
7.00000000e-01 5.21299018e+04 2.53033319e+04
7.10000000e-01 5.28262835e+04 2.64492011e+04
7.20000000e-01 5.35225915e+04 2.76399216e+04
7.30000000e-01 5.42188286e+04 2.88745286e+04
7.40000000e-01 5.49149978e+04 3.01518283e+04
7.50000000e-01 5.56111018e+04 3.14704288e+04
7.60000000e-01 5.63071436e+04 3.28287738e+04
7.70000000e-01 5.70031262e+04 3.42251778e+04
7.80000000e-01 5.76990525e+04 3.56578609e+04
7.90000000e-01 5.83949253e+04 3.71249826e+04
8.00000000e-01 5.90907475e+04 3.86246719e+04
8.10000000e-01 5.97865217e+04 4.01550549e+04
8.20000000e-01 6.04822507e+04 4.17142782e+04
8.30000000e-01 6.11779369e+04 4.33005282e+04
8.40000000e-01 6.18735829e+04 4.49120465e+04
8.50000000e-01 6.25691909e+04 4.65471419e+04
8.60000000e-01 6.32647632e+04 4.82041993e+04
8.70000000e-01 6.39603019e+04 4.98816844e+04
8.80000000e-01 6.46558089e+04 5.15781481e+04
8.90000000e-01 6.53512861e+04 5.32922270e+04
9.00000000e-01 6.60467352e+04 5.50226431e+04
9.10000000e-01 6.67421580e+04 5.67682024e+04
9.20000000e-01 6.74375559e+04 5.85277922e+04
9.30000000e-01 6.81329304e+04 6.03003777e+04
9.40000000e-01 6.88282829e+04 6.20849985e+04
9.50000000e-01 6.95236145e+04 6.38807641e+04
9.60000000e-01 7.02189266e+04 6.56868506e+04
9.70000000e-01 7.09142202e+04 6.75024955e+04
9.80000000e-01 7.16094963e+04 6.93269943e+04
9.90000000e-01 7.23047560e+04 7.11596961e+04
1.00000000e+00 nan nan
