0.00000000e+00 3.45000000e+03 3.45000000e+03
1.00000000e-02 4.13486522e+03 3.54979113e+03
2.00000000e-02 4.81993993e+03 3.63814955e+03
3.00000000e-02 5.50522431e+03 3.71947822e+03
4.00000000e-02 6.19071855e+03 3.79634374e+03
5.00000000e-02 6.87642282e+03 3.87034948e+03
6.00000000e-02 7.56233730e+03 3.94255408e+03
7.00000000e-02 8.24846218e+03 4.01368948e+03
8.00000000e-02 8.93479763e+03 4.08428223e+03
9.00000000e-02 9.62134382e+03 4.15472475e+03
1.00000000e-01 1.03081009e+04 4.22531903e+03
1.10000000e-01 1.09950692e+04 4.29630451e+03
1.20000000e-01 1.16822487e+04 4.36787645e+03
1.30000000e-01 1.23696396e+04 4.44019839e+03
1.40000000e-01 1.30572421e+04 4.51341077e+03
1.50000000e-01 1.37450565e+04 4.58763712e+03
1.60000000e-01 1.44330828e+04 4.66298850e+03
1.70000000e-01 1.51213212e+04 4.73956686e+03
1.80000000e-01 1.58097720e+04 4.81746749e+03
1.90000000e-01 1.64984352e+04 4.89678097e+03
2.00000000e-01 1.71873110e+04 4.97759470e+03
2.10000000e-01 1.78763996e+04 5.05999409e+03
2.20000000e-01 1.85657012e+04 5.14406356e+03
2.30000000e-01 1.92552160e+04 5.22988734e+03
2.40000000e-01 1.99449440e+04 5.31755017e+03
2.50000000e-01 2.06348855e+04 5.40713796e+03
2.60000000e-01 2.13250406e+04 5.49873826e+03
2.70000000e-01 2.20154095e+04 5.59244078e+03
2.80000000e-01 2.27059923e+04 5.68833788e+03
2.90000000e-01 2.33967892e+04 5.78652495e+03
3.00000000e-01 2.40878004e+04 5.88710091e+03
3.10000000e-01 2.47790261e+04 5.99016853e+03
3.20000000e-01 2.54704663e+04 6.09583495e+03
3.30000000e-01 2.61621212e+04 6.20421205e+03
3.40000000e-01 2.68539910e+04 6.31541688e+03
3.50000000e-01 2.75460759e+04 6.42957220e+03
3.60000000e-01 2.82383760e+04 6.54680684e+03
3.70000000e-01 2.89308915e+04 6.66725634e+03
3.80000000e-01 2.96236225e+04 6.79106339e+03
3.90000000e-01 3.03165692e+04 6.91837847e+03
4.00000000e-01 3.10097317e+04 7.04936043e+03
4.10000000e-01 3.17031102e+04 7.18417722e+03
4.20000000e-01 3.23967048e+04 7.32300656e+03
4.30000000e-01 3.30905157e+04 7.46603674e+03
4.40000000e-01 3.37845430e+04 7.61346751e+03
4.50000000e-01 3.44787870e+04 7.76551099e+03
4.60000000e-01 3.51732476e+04 7.92239268e+03
4.70000000e-01 3.58679252e+04 8.08435259e+03
4.80000000e-01 3.65628198e+04 8.25164650e+03
4.90000000e-01 3.72579316e+04 8.42454724e+03
5.00000000e-01 3.79532607e+04 8.60334624e+03
5.10000000e-01 3.86488074e+04 8.78835514e+03
5.20000000e-01 3.93445716e+04 8.97990760e+03
5.30000000e-01 4.00405536e+04 9.17836134e+03
5.40000000e-01 4.07367536e+04 9.38410032e+03
5.50000000e-01 4.14331717e+04 9.59753726e+03
5.60000000e-01 4.21298079e+04 9.81911642e+03
5.70000000e-01 4.28266626e+04 1.00493166e+04
5.80000000e-01 4.35237357e+04 1.02886548e+04
5.90000000e-01 4.42210275e+04 1.05376897e+04
6.00000000e-01 4.49185382e+04 1.07970265e+04
6.10000000e-01 4.56162677e+04 1.10673215e+04
6.20000000e-01 4.63142164e+04 1.13492878e+04
6.30000000e-01 4.70123843e+04 1.16437016e+04
6.40000000e-01 4.77107715e+04 1.19514091e+04
6.50000000e-01 4.84093783e+04 1.22733350e+04
6.60000000e-01 4.91082048e+04 1.26104915e+04
6.70000000e-01 4.98072510e+04 1.29639889e+04
6.80000000e-01 5.05065172e+04 1.33350482e+04
6.90000000e-01 5.12060035e+04 1.37250149e+04
7.00000000e-01 5.19057100e+04 1.41353753e+04
7.10000000e-01 5.26056369e+04 1.45677755e+04
7.20000000e-01 5.33057843e+04 1.50240435e+04
7.30000000e-01 5.40061524e+04 1.55062152e+04
7.40000000e-01 5.47067412e+04 1.60165643e+04
7.50000000e-01 5.54075510e+04 1.65576388e+04
7.60000000e-01 5.61085818e+04 1.71323031e+04
7.70000000e-01 5.68098338e+04 1.77437890e+04
7.80000000e-01 5.75113072e+04 1.83957565e+04
7.90000000e-01 5.82130021e+04 1.90923669e+04
8.00000000e-01 5.89149186e+04 1.98383722e+04
8.10000000e-01 5.96170569e+04 2.06392231e+04
8.20000000e-01 6.03194170e+04 2.15012031e+04
8.30000000e-01 6.10219992e+04 2.24315934e+04
8.40000000e-01 6.17248036e+04 2.34388789e+04
8.50000000e-01 6.24278303e+04 2.45330085e+04
8.60000000e-01 6.31310794e+04 2.57257239e+04
8.70000000e-01 6.38345511e+04 2.70309839e+04
8.80000000e-01 6.45382456e+04 2.84655122e+04
8.90000000e-01 6.52421628e+04 3.00495190e+04
9.00000000e-01 6.59463031e+04 3.18076583e+04
9.10000000e-01 6.66506665e+04 3.37703215e+04
9.20000000e-01 6.73552532e+04 3.59754083e+04
9.30000000e-01 6.80600632e+04 3.84707991e+04
9.40000000e-01 6.87650968e+04 4.13178715e+04
9.50000000e-01 6.94703541e+04 4.45966169e+04
9.60000000e-01 7.01758351e+04 4.84132755e+04
9.70000000e-01 7.08815401e+04 5.29120658e+04
9.80000000e-01 7.15874692e+04 5.82938198e+04
9.90000000e-01 7.22936224e+04 6.48467860e+04
1.00000000e+00 7.30000000e+04 7.30000000e+04
