0.00000000e+00 4.49185382e+04
1.00000000e+00 4.48180015e+04
2.00000000e+00 4.45194009e+04
3.00000000e+00 4.40315430e+04
4.00000000e+00 4.33683983e+04
5.00000000e+00 4.25481382e+04
6.00000000e+00 4.15919622e+04
7.00000000e+00 4.05228479e+04
8.00000000e+00 3.93643483e+04
9.00000000e+00 3.81395328e+04
1.00000000e+01 3.68701363e+04
1.10000000e+01 3.55759414e+04
1.20000000e+01 3.42743925e+04
1.30000000e+01 3.29804138e+04
1.40000000e+01 3.17063954e+04
1.50000000e+01 3.04623041e+04
1.60000000e+01 2.92558788e+04
1.70000000e+01 2.80928757e+04
1.80000000e+01 2.69773345e+04
1.90000000e+01 2.59118449e+04
2.00000000e+01 2.48977998e+04
2.10000000e+01 2.39356263e+04
2.20000000e+01 2.30249894e+04
2.30000000e+01 2.21649679e+04
2.40000000e+01 2.13542034e+04
2.50000000e+01 2.05910225e+04
2.60000000e+01 1.98735378e+04
2.70000000e+01 1.91997274e+04
2.80000000e+01 1.85674990e+04
2.90000000e+01 1.79747386e+04
3.00000000e+01 1.74193478e+04
3.10000000e+01 1.68992717e+04
3.20000000e+01 1.64125188e+04
3.30000000e+01 1.59571747e+04
3.40000000e+01 1.55314116e+04
3.50000000e+01 1.51334928e+04
3.60000000e+01 1.47617757e+04
3.70000000e+01 1.44147116e+04
3.80000000e+01 1.40908441e+04
3.90000000e+01 1.37888070e+04
4.00000000e+01 1.35073199e+04
4.10000000e+01 1.32451852e+04
4.20000000e+01 1.30012827e+04
4.30000000e+01 1.27745658e+04
4.40000000e+01 1.25640562e+04
4.50000000e+01 1.23688396e+04
4.60000000e+01 1.21880611e+04
4.70000000e+01 1.20209207e+04
4.80000000e+01 1.18666689e+04
4.90000000e+01 1.17246028e+04
5.00000000e+01 1.15940620e+04
5.10000000e+01 1.14744251e+04
5.20000000e+01 1.13651058e+04
5.30000000e+01 1.12655502e+04
5.40000000e+01 1.11752328e+04
5.50000000e+01 1.10936545e+04
5.60000000e+01 1.10203392e+04
5.70000000e+01 1.09548315e+04
5.80000000e+01 1.08966942e+04
5.90000000e+01 1.08455062e+04
6.00000000e+01 1.08008605e+04
6.10000000e+01 1.07623622e+04
6.20000000e+01 1.07296270e+04
6.30000000e+01 1.07022794e+04
6.40000000e+01 1.06799518e+04
6.50000000e+01 1.06622832e+04
6.60000000e+01 1.06489182e+04
6.70000000e+01 1.06395062e+04
6.80000000e+01 1.06337011e+04
6.90000000e+01 1.06311609e+04
7.00000000e+01 1.06315475e+04
7.10000000e+01 1.06345266e+04
7.20000000e+01 1.06397687e+04
7.30000000e+01 1.06469486e+04
7.40000000e+01 1.06557471e+04
7.50000000e+01 1.06658511e+04
7.60000000e+01 1.06769554e+04
7.70000000e+01 1.06887632e+04
7.80000000e+01 1.07009883e+04
7.90000000e+01 1.07133561e+04
8.00000000e+01 1.07256053e+04
8.10000000e+01 1.07374898e+04
8.20000000e+01 1.07487803e+04
8.30000000e+01 1.07592658e+04
8.40000000e+01 1.07687558e+04
8.50000000e+01 1.07770813e+04
8.60000000e+01 1.07840967e+04
8.70000000e+01 1.07896810e+04
8.80000000e+01 1.07937387e+04
8.90000000e+01 1.07962011e+04
9.00000000e+01 1.07970265e+04
