0.00000000e+00 4.51614990e+04
1.00000000e+00 4.51320199e+04
2.00000000e+00 4.50438677e+04
3.00000000e+00 4.48978912e+04
4.00000000e+00 4.46954825e+04
5.00000000e+00 4.44385452e+04
6.00000000e+00 4.41294503e+04
7.00000000e+00 4.37709843e+04
8.00000000e+00 4.33662891e+04
9.00000000e+00 4.29187980e+04
1.00000000e+01 4.24321685e+04
1.10000000e+01 4.19102156e+04
1.20000000e+01 4.13568463e+04
1.30000000e+01 4.07759978e+04
1.40000000e+01 4.01715812e+04
1.50000000e+01 3.95474304e+04
1.60000000e+01 3.89072586e+04
1.70000000e+01 3.82546213e+04
1.80000000e+01 3.75928867e+04
1.90000000e+01 3.69252133e+04
2.00000000e+01 3.62545340e+04
2.10000000e+01 3.55835458e+04
2.20000000e+01 3.49147056e+04
2.30000000e+01 3.42502300e+04
2.40000000e+01 3.35920995e+04
2.50000000e+01 3.29420657e+04
2.60000000e+01 3.23016610e+04
2.70000000e+01 3.16722101e+04
2.80000000e+01 3.10548435e+04
2.90000000e+01 3.04505108e+04
3.00000000e+01 2.98599951e+04
3.10000000e+01 2.92839277e+04
3.20000000e+01 2.87228019e+04
3.30000000e+01 2.81769869e+04
3.40000000e+01 2.76467411e+04
3.50000000e+01 2.71322245e+04
3.60000000e+01 2.66335104e+04
3.70000000e+01 2.61505962e+04
3.80000000e+01 2.56834136e+04
3.90000000e+01 2.52318379e+04
4.00000000e+01 2.47956959e+04
4.10000000e+01 2.43747741e+04
4.20000000e+01 2.39688249e+04
4.30000000e+01 2.35775731e+04
4.40000000e+01 2.32007210e+04
4.50000000e+01 2.28379535e+04
4.60000000e+01 2.24889420e+04
4.70000000e+01 2.21533485e+04
4.80000000e+01 2.18308284e+04
4.90000000e+01 2.15210334e+04
5.00000000e+01 2.12236144e+04
5.10000000e+01 2.09382229e+04
5.20000000e+01 2.06645132e+04
5.30000000e+01 2.04021436e+04
5.40000000e+01 2.01507782e+04
5.50000000e+01 1.99100874e+04
5.60000000e+01 1.96797489e+04
5.70000000e+01 1.94594486e+04
5.80000000e+01 1.92488813e+04
5.90000000e+01 1.90477506e+04
6.00000000e+01 1.88557696e+04
6.10000000e+01 1.86726615e+04
6.20000000e+01 1.84981590e+04
6.30000000e+01 1.83320051e+04
6.40000000e+01 1.81739529e+04
6.50000000e+01 1.80237656e+04
6.60000000e+01 1.78812167e+04
6.70000000e+01 1.77460895e+04
6.80000000e+01 1.76181775e+04
6.90000000e+01 1.74972842e+04
7.00000000e+01 1.73832229e+04
7.10000000e+01 1.72758166e+04
7.20000000e+01 1.71748978e+04
7.30000000e+01 1.70803088e+04
7.40000000e+01 1.69919009e+04
7.50000000e+01 1.69095350e+04
7.60000000e+01 1.68330809e+04
7.70000000e+01 1.67624174e+04
7.80000000e+01 1.66974324e+04
7.90000000e+01 1.66380222e+04
8.00000000e+01 1.65840922e+04
8.10000000e+01 1.65355560e+04
8.20000000e+01 1.64923361e+04
8.30000000e+01 1.64543629e+04
8.40000000e+01 1.64215756e+04
8.50000000e+01 1.63939213e+04
8.60000000e+01 1.63713557e+04
8.70000000e+01 1.63538423e+04
8.80000000e+01 1.63413528e+04
8.90000000e+01 1.63338672e+04
9.00000000e+01 1.63313733e+04
