1.00000000e+00 0.00000000e+00 0.00000000e+00
2.00000000e+00 2.00400802e-03 1.31058096e+00
3.00000000e+00 4.00801603e-03 2.62116192e+00
4.00000000e+00 6.01202405e-03 3.93174289e+00
5.00000000e+00 8.01603206e-03 5.24232385e+00
6.00000000e+00 1.00200401e-02 6.55290481e+00
7.00000000e+00 1.20240481e-02 7.86348577e+00
8.00000000e+00 1.40280561e-02 9.17406673e+00
9.00000000e+00 1.60320641e-02 1.04846477e+01
1.00000000e+01 1.80360721e-02 1.17952287e+01
1.10000000e+01 2.00400802e-02 1.31058096e+01
1.20000000e+01 2.20440882e-02 1.44163906e+01
1.30000000e+01 2.40480962e-02 1.57269715e+01
1.40000000e+01 2.60521042e-02 1.70375525e+01
1.50000000e+01 2.80561122e-02 1.83481335e+01
1.60000000e+01 3.00601202e-02 1.96587144e+01
1.70000000e+01 3.20641283e-02 2.09692954e+01
1.80000000e+01 3.40681363e-02 2.22798764e+01
1.90000000e+01 3.60721443e-02 2.35904573e+01
2.00000000e+01 3.80761523e-02 2.49010383e+01
2.10000000e+01 4.00801603e-02 2.62116192e+01
2.20000000e+01 4.20841683e-02 2.75222002e+01
2.30000000e+01 4.40881764e-02 2.88327812e+01
2.40000000e+01 4.60921844e-02 3.01433621e+01
2.50000000e+01 4.80961924e-02 3.14721455e+01
2.60000000e+01 5.01002004e-02 3.28591766e+01
2.70000000e+01 5.21042084e-02 3.42462076e+01
2.80000000e+01 5.41082164e-02 3.56332387e+01
2.90000000e+01 5.61122244e-02 3.70202697e+01
3.00000000e+01 5.81162325e-02 3.84073008e+01
3.10000000e+01 6.01202405e-02 3.97943319e+01
3.20000000e+01 6.21242485e-02 4.11813629e+01
3.30000000e+01 6.41282565e-02 4.25683940e+01
3.40000000e+01 6.61322645e-02 4.39554251e+01
3.50000000e+01 6.81362725e-02 4.53424561e+01
3.60000000e+01 7.01402806e-02 4.67294872e+01
3.70000000e+01 7.21442886e-02 4.81165182e+01
3.80000000e+01 7.41482966e-02 4.95035493e+01
3.90000000e+01 7.61523046e-02 5.08905804e+01
4.00000000e+01 7.81563126e-02 5.22776114e+01
4.10000000e+01 8.01603206e-02 5.36646425e+01
4.20000000e+01 8.21643287e-02 5.50516735e+01
4.30000000e+01 8.41683367e-02 5.64387046e+01
4.40000000e+01 8.61723447e-02 5.78257357e+01
4.50000000e+01 8.81763527e-02 5.92127667e+01
4.60000000e+01 9.01803607e-02 6.05997978e+01
4.70000000e+01 9.21843687e-02 6.19868289e+01
4.80000000e+01 9.41883768e-02 6.33738599e+01
4.90000000e+01 9.61923848e-02 6.47088830e+01
5.00000000e+01 9.81963928e-02 6.59866972e+01
5.10000000e+01 1.00200401e-01 6.72645114e+01
5.20000000e+01 1.02204409e-01 6.85423257e+01
5.30000000e+01 1.04208417e-01 6.98201399e+01
5.40000000e+01 1.06212425e-01 7.10979541e+01
5.50000000e+01 1.08216433e-01 7.23757683e+01
5.60000000e+01 1.10220441e-01 7.36535826e+01
5.70000000e+01 1.12224449e-01 7.49313968e+01
5.80000000e+01 1.14228457e-01 7.62092110e+01
5.90000000e+01 1.16232465e-01 7.74870253e+01
6.00000000e+01 1.18236473e-01 7.87648395e+01
6.10000000e+01 1.20240481e-01 8.00426537e+01
6.20000000e+01 1.22244489e-01 8.13204679e+01
6.30000000e+01 1.24248497e-01 8.25982822e+01
6.40000000e+01 1.26252505e-01 8.38760964e+01
6.50000000e+01 1.28256513e-01 8.51539106e+01
6.60000000e+01 1.30260521e-01 8.64317248e+01
6.70000000e+01 1.32264529e-01 8.77095391e+01
6.80000000e+01 1.34268537e-01 8.89873533e+01
6.90000000e+01 1.36272545e-01 9.02651675e+01
7.00000000e+01 1.38276553e-01 9.15429818e+01
7.10000000e+01 1.40280561e-01 9.28207960e+01
7.20000000e+01 1.42284569e-01 9.40986102e+01
7.30000000e+01 1.44288577e-01 9.50097752e+01
7.40000000e+01 1.46292585e-01 9.57742804e+01
7.50000000e+01 1.48296593e-01 9.65387856e+01
7.60000000e+01 1.50300601e-01 9.73032908e+01
7.70000000e+01 1.52304609e-01 9.80677960e+01
7.80000000e+01 1.54308617e-01 9.88323012e+01
7.90000000e+01 1.56312625e-01 9.95968064e+01
8.00000000e+01 1.58316633e-01 1.00361312e+02
8.10000000e+01 1.60320641e-01 1.01125817e+02
8.20000000e+01 1.62324649e-01 1.01890322e+02
8.30000000e+01 1.64328657e-01 1.02654827e+02
8.40000000e+01 1.66332665e-01 1.03419332e+02
8.50000000e+01 1.68336673e-01 1.04183838e+02
8.60000000e+01 1.70340681e-01 1.04948343e+02
8.70000000e+01 1.72344689e-01 1.05712848e+02
8.80000000e+01 1.74348697e-01 1.06477353e+02
8.90000000e+01 1.76352705e-01 1.07241859e+02
9.00000000e+01 1.78356713e-01 1.08006364e+02
9.10000000e+01 1.80360721e-01 1.08770869e+02
9.20000000e+01 1.82364729e-01 1.09535374e+02
9.30000000e+01 1.84368737e-01 1.10299879e+02
9.40000000e+01 1.86372745e-01 1.11064385e+02
9.50000000e+01 1.88376754e-01 1.11828890e+02
9.60000000e+01 1.90380762e-01 1.12593395e+02
9.70000000e+01 1.92384770e-01 1.12962646e+02
9.80000000e+01 1.94388778e-01 1.13312134e+02
9.90000000e+01 1.96392786e-01 1.13661622e+02
1.00000000e+02 1.98396794e-01 1.14011110e+02
1.01000000e+02 2.00400802e-01 1.14360598e+02
1.02000000e+02 2.02404810e-01 1.14710086e+02
1.03000000e+02 2.04408818e-01 1.15059574e+02
1.04000000e+02 2.06412826e-01 1.15409062e+02
1.05000000e+02 2.08416834e-01 1.15758549e+02
1.06000000e+02 2.10420842e-01 1.16108037e+02
1.07000000e+02 2.12424850e-01 1.16457525e+02
1.08000000e+02 2.14428858e-01 1.16807013e+02
1.09000000e+02 2.16432866e-01 1.17156501e+02
1.10000000e+02 2.18436874e-01 1.17505989e+02
1.11000000e+02 2.20440882e-01 1.17855477e+02
1.12000000e+02 2.22444890e-01 1.18204965e+02
1.13000000e+02 2.24448898e-01 1.18554453e+02
1.14000000e+02 2.26452906e-01 1.18903941e+02
1.15000000e+02 2.28456914e-01 1.19253429e+02
1.16000000e+02 2.30460922e-01 1.19602917e+02
1.17000000e+02 2.32464930e-01 1.19952405e+02
1.18000000e+02 2.34468938e-01 1.20301893e+02
1.19000000e+02 2.36472946e-01 1.20651381e+02
1.20000000e+02 2.38476954e-01 1.19964887e+02
1.21000000e+02 2.40480962e-01 1.14875467e+02
1.22000000e+02 2.42484970e-01 1.09786048e+02
1.23000000e+02 2.44488978e-01 1.04696628e+02
1.24000000e+02 2.46492986e-01 9.96072090e+01
1.25000000e+02 2.48496994e-01 9.45177896e+01
1.26000000e+02 2.50501002e-01 8.94283701e+01
1.27000000e+02 2.52505010e-01 8.43389507e+01
1.28000000e+02 2.54509018e-01 7.92495313e+01
1.29000000e+02 2.56513026e-01 7.41601118e+01
1.30000000e+02 2.58517034e-01 6.90706924e+01
1.31000000e+02 2.60521042e-01 6.39812729e+01
1.32000000e+02 2.62525050e-01 5.88918535e+01
1.33000000e+02 2.64529058e-01 5.38024341e+01
1.34000000e+02 2.66533066e-01 4.87130146e+01
1.35000000e+02 2.68537074e-01 4.36235952e+01
1.36000000e+02 2.70541082e-01 3.85341758e+01
1.37000000e+02 2.72545090e-01 3.34447563e+01
1.38000000e+02 2.74549098e-01 2.83553369e+01
1.39000000e+02 2.76553106e-01 2.32659174e+01
1.40000000e+02 2.78557114e-01 1.81764980e+01
1.41000000e+02 2.80561122e-01 1.30870786e+01
1.42000000e+02 2.82565130e-01 7.99765912e+00
1.43000000e+02 2.84569138e-01 2.90823968e+00
1.44000000e+02 2.86573146e-01 2.19522084e+00
1.45000000e+02 2.88577154e-01 7.31740281e+00
1.46000000e+02 2.90581162e-01 1.24395848e+01
1.47000000e+02 2.92585170e-01 1.75617667e+01
1.48000000e+02 2.94589178e-01 2.26839487e+01
1.49000000e+02 2.96593186e-01 2.78061307e+01
1.50000000e+02 2.98597194e-01 3.29283126e+01
1.51000000e+02 3.00601202e-01 3.80504946e+01
1.52000000e+02 3.02605210e-01 4.31726766e+01
1.53000000e+02 3.04609218e-01 4.82948585e+01
1.54000000e+02 3.06613226e-01 5.34170405e+01
1.55000000e+02 3.08617234e-01 5.85392224e+01
1.56000000e+02 3.10621242e-01 6.36614044e+01
1.57000000e+02 3.12625251e-01 6.87835864e+01
1.58000000e+02 3.14629259e-01 7.39057683e+01
1.59000000e+02 3.16633267e-01 7.90279503e+01
1.60000000e+02 3.18637275e-01 8.41501323e+01
1.61000000e+02 3.20641283e-01 8.92723142e+01
1.62000000e+02 3.22645291e-01 9.43944962e+01
1.63000000e+02 3.24649299e-01 9.95166782e+01
1.64000000e+02 3.26653307e-01 1.04638860e+02
1.65000000e+02 3.28657315e-01 1.09761042e+02
1.66000000e+02 3.30661323e-01 1.14883224e+02
1.67000000e+02 3.32665331e-01 1.20005406e+02
1.68000000e+02 3.34669339e-01 1.22069570e+02
1.69000000e+02 3.36673347e-01 1.22604725e+02
1.70000000e+02 3.38677355e-01 1.23139880e+02
1.71000000e+02 3.40681363e-01 1.23675035e+02
1.72000000e+02 3.42685371e-01 1.24210190e+02
1.73000000e+02 3.44689379e-01 1.24745344e+02
1.74000000e+02 3.46693387e-01 1.25280499e+02
1.75000000e+02 3.48697395e-01 1.25815654e+02
1.76000000e+02 3.50701403e-01 1.26350809e+02
1.77000000e+02 3.52705411e-01 1.26885964e+02
1.78000000e+02 3.54709419e-01 1.27421119e+02
1.79000000e+02 3.56713427e-01 1.27956274e+02
1.80000000e+02 3.58717435e-01 1.28491429e+02
1.81000000e+02 3.60721443e-01 1.29026584e+02
1.82000000e+02 3.62725451e-01 1.29561739e+02
1.83000000e+02 3.64729459e-01 1.30096894e+02
1.84000000e+02 3.66733467e-01 1.30632048e+02
1.85000000e+02 3.68737475e-01 1.31167203e+02
1.86000000e+02 3.70741483e-01 1.31702358e+02
1.87000000e+02 3.72745491e-01 1.32237513e+02
1.88000000e+02 3.74749499e-01 1.32772668e+02
1.89000000e+02 3.76753507e-01 1.33307823e+02
1.90000000e+02 3.78757515e-01 1.33842978e+02
1.91000000e+02 3.80761523e-01 1.34378133e+02
1.92000000e+02 3.82765531e-01 1.34794707e+02
1.93000000e+02 3.84769539e-01 1.35198799e+02
1.94000000e+02 3.86773547e-01 1.35602892e+02
1.95000000e+02 3.88777555e-01 1.36006984e+02
1.96000000e+02 3.90781563e-01 1.36411076e+02
1.97000000e+02 3.92785571e-01 1.36815168e+02
1.98000000e+02 3.94789579e-01 1.37219260e+02
1.99000000e+02 3.96793587e-01 1.37623353e+02
2.00000000e+02 3.98797595e-01 1.38027445e+02
2.01000000e+02 4.00801603e-01 1.38431537e+02
2.02000000e+02 4.02805611e-01 1.38835629e+02
2.03000000e+02 4.04809619e-01 1.39239721e+02
2.04000000e+02 4.06813627e-01 1.39643813e+02
2.05000000e+02 4.08817635e-01 1.40047906e+02
2.06000000e+02 4.10821643e-01 1.40451998e+02
2.07000000e+02 4.12825651e-01 1.40856090e+02
2.08000000e+02 4.14829659e-01 1.41260182e+02
2.09000000e+02 4.16833667e-01 1.41664274e+02
2.10000000e+02 4.18837675e-01 1.42068367e+02
2.11000000e+02 4.20841683e-01 1.42472459e+02
2.12000000e+02 4.22845691e-01 1.42876551e+02
2.13000000e+02 4.24849699e-01 1.43280643e+02
2.14000000e+02 4.26853707e-01 1.43684735e+02
2.15000000e+02 4.28857715e-01 1.44088828e+02
2.16000000e+02 4.30861723e-01 1.44492924e+02
2.17000000e+02 4.32865731e-01 1.44897021e+02
2.18000000e+02 4.34869739e-01 1.45301117e+02
2.19000000e+02 4.36873747e-01 1.45705214e+02
2.20000000e+02 4.38877756e-01 1.46109310e+02
2.21000000e+02 4.40881764e-01 1.46513406e+02
2.22000000e+02 4.42885772e-01 1.46917503e+02
2.23000000e+02 4.44889780e-01 1.47321599e+02
2.24000000e+02 4.46893788e-01 1.47725696e+02
2.25000000e+02 4.48897796e-01 1.48129792e+02
2.26000000e+02 4.50901804e-01 1.48533888e+02
2.27000000e+02 4.52905812e-01 1.48937985e+02
2.28000000e+02 4.54909820e-01 1.49342081e+02
2.29000000e+02 4.56913828e-01 1.49746178e+02
2.30000000e+02 4.58917836e-01 1.50150274e+02
2.31000000e+02 4.60921844e-01 1.50554370e+02
2.32000000e+02 4.62925852e-01 1.50958467e+02
2.33000000e+02 4.64929860e-01 1.51362563e+02
2.34000000e+02 4.66933868e-01 1.51766660e+02
2.35000000e+02 4.68937876e-01 1.52170756e+02
2.36000000e+02 4.70941884e-01 1.52574852e+02
2.37000000e+02 4.72945892e-01 1.52978949e+02
2.38000000e+02 4.74949900e-01 1.53383045e+02
2.39000000e+02 4.76953908e-01 1.51170143e+02
2.40000000e+02 4.78957916e-01 1.44704617e+02
2.41000000e+02 4.80961924e-01 1.38239092e+02
2.42000000e+02 4.82965932e-01 1.31773566e+02
2.43000000e+02 4.84969940e-01 1.25308041e+02
2.44000000e+02 4.86973948e-01 1.18842515e+02
2.45000000e+02 4.88977956e-01 1.12376990e+02
2.46000000e+02 4.90981964e-01 1.05911465e+02
2.47000000e+02 4.92985972e-01 9.94459391e+01
2.48000000e+02 4.94989980e-01 9.29804136e+01
2.49000000e+02 4.96993988e-01 8.65148882e+01
2.50000000e+02 4.98997996e-01 8.00493627e+01
2.51000000e+02 5.01002004e-01 7.35838373e+01
2.52000000e+02 5.03006012e-01 6.71183118e+01
2.53000000e+02 5.05010020e-01 6.06527864e+01
2.54000000e+02 5.07014028e-01 5.41872609e+01
2.55000000e+02 5.09018036e-01 4.77217355e+01
2.56000000e+02 5.11022044e-01 4.12562100e+01
2.57000000e+02 5.13026052e-01 3.47906846e+01
2.58000000e+02 5.15030060e-01 2.83251591e+01
2.59000000e+02 5.17034068e-01 2.18596337e+01
2.60000000e+02 5.19038076e-01 1.53941082e+01
2.61000000e+02 5.21042084e-01 8.92858277e+00
2.62000000e+02 5.23046092e-01 2.46305731e+00
2.63000000e+02 5.25050100e-01 4.01599178e+00
2.64000000e+02 5.27054108e-01 1.05033631e+01
2.65000000e+02 5.29058116e-01 1.69907345e+01
2.66000000e+02 5.31062124e-01 2.34781058e+01
2.67000000e+02 5.33066132e-01 2.99654772e+01
2.68000000e+02 5.35070140e-01 3.64528485e+01
2.69000000e+02 5.37074148e-01 4.29402198e+01
2.70000000e+02 5.39078156e-01 4.94275912e+01
2.71000000e+02 5.41082164e-01 5.59149625e+01
2.72000000e+02 5.43086172e-01 6.24023339e+01
2.73000000e+02 5.45090180e-01 6.88897052e+01
2.74000000e+02 5.47094188e-01 7.53770766e+01
2.75000000e+02 5.49098196e-01 8.18644479e+01
2.76000000e+02 5.51102204e-01 8.83518192e+01
2.77000000e+02 5.53106212e-01 9.48391906e+01
2.78000000e+02 5.55110220e-01 1.01326562e+02
2.79000000e+02 5.57114228e-01 1.07813933e+02
2.80000000e+02 5.59118236e-01 1.14301305e+02
2.81000000e+02 5.61122244e-01 1.20788676e+02
2.82000000e+02 5.63126253e-01 1.27276047e+02
2.83000000e+02 5.65130261e-01 1.33763419e+02
2.84000000e+02 5.67134269e-01 1.40250790e+02
2.85000000e+02 5.69138277e-01 1.46738161e+02
2.86000000e+02 5.71142285e-01 1.53225533e+02
2.87000000e+02 5.73146293e-01 1.54433136e+02
2.88000000e+02 5.75150301e-01 1.54760778e+02
2.89000000e+02 5.77154309e-01 1.55088420e+02
2.90000000e+02 5.79158317e-01 1.55416062e+02
2.91000000e+02 5.81162325e-01 1.55743704e+02
2.92000000e+02 5.83166333e-01 1.56071346e+02
2.93000000e+02 5.85170341e-01 1.56398989e+02
2.94000000e+02 5.87174349e-01 1.56726631e+02
2.95000000e+02 5.89178357e-01 1.57054273e+02
2.96000000e+02 5.91182365e-01 1.57381915e+02
2.97000000e+02 5.93186373e-01 1.57709557e+02
2.98000000e+02 5.95190381e-01 1.58037199e+02
2.99000000e+02 5.97194389e-01 1.58364841e+02
3.00000000e+02 5.99198397e-01 1.58692483e+02
3.01000000e+02 6.01202405e-01 1.59020125e+02
3.02000000e+02 6.03206413e-01 1.59347767e+02
3.03000000e+02 6.05210421e-01 1.59675409e+02
3.04000000e+02 6.07214429e-01 1.60003052e+02
3.05000000e+02 6.09218437e-01 1.60330694e+02
3.06000000e+02 6.11222445e-01 1.60658336e+02
3.07000000e+02 6.13226453e-01 1.60985978e+02
3.08000000e+02 6.15230461e-01 1.61313620e+02
3.09000000e+02 6.17234469e-01 1.61641262e+02
3.10000000e+02 6.19238477e-01 1.61972025e+02
3.11000000e+02 6.21242485e-01 1.62332433e+02
3.12000000e+02 6.23246493e-01 1.62692842e+02
3.13000000e+02 6.25250501e-01 1.63053251e+02
3.14000000e+02 6.27254509e-01 1.63413660e+02
3.15000000e+02 6.29258517e-01 1.63774069e+02
3.16000000e+02 6.31262525e-01 1.64134478e+02
3.17000000e+02 6.33266533e-01 1.64494886e+02
3.18000000e+02 6.35270541e-01 1.64855295e+02
3.19000000e+02 6.37274549e-01 1.65215704e+02
3.20000000e+02 6.39278557e-01 1.65576113e+02
3.21000000e+02 6.41282565e-01 1.65936522e+02
3.22000000e+02 6.43286573e-01 1.66296930e+02
3.23000000e+02 6.45290581e-01 1.66657339e+02
3.24000000e+02 6.47294589e-01 1.67017748e+02
3.25000000e+02 6.49298597e-01 1.67378157e+02
3.26000000e+02 6.51302605e-01 1.67738566e+02
3.27000000e+02 6.53306613e-01 1.68098975e+02
3.28000000e+02 6.55310621e-01 1.68459383e+02
3.29000000e+02 6.57314629e-01 1.68819792e+02
3.30000000e+02 6.59318637e-01 1.69180201e+02
3.31000000e+02 6.61322645e-01 1.69540610e+02
3.32000000e+02 6.63326653e-01 1.69901019e+02
3.33000000e+02 6.65330661e-01 1.70261427e+02
3.34000000e+02 6.67334669e-01 1.68109893e+02
3.35000000e+02 6.69338677e-01 1.60934470e+02
3.36000000e+02 6.71342685e-01 1.53759048e+02
3.37000000e+02 6.73346693e-01 1.46583626e+02
3.38000000e+02 6.75350701e-01 1.39408204e+02
3.39000000e+02 6.77354709e-01 1.32232781e+02
3.40000000e+02 6.79358717e-01 1.25057359e+02
3.41000000e+02 6.81362725e-01 1.17881937e+02
3.42000000e+02 6.83366733e-01 1.10706515e+02
3.43000000e+02 6.85370741e-01 1.03531092e+02
3.44000000e+02 6.87374749e-01 9.63556701e+01
3.45000000e+02 6.89378758e-01 8.91802479e+01
3.46000000e+02 6.91382766e-01 8.20048257e+01
3.47000000e+02 6.93386774e-01 7.48294034e+01
3.48000000e+02 6.95390782e-01 6.76539812e+01
3.49000000e+02 6.97394790e-01 6.04785589e+01
3.50000000e+02 6.99398798e-01 5.33031367e+01
3.51000000e+02 7.01402806e-01 4.61277144e+01
3.52000000e+02 7.03406814e-01 3.89522922e+01
3.53000000e+02 7.05410822e-01 3.17768699e+01
3.54000000e+02 7.07414830e-01 2.46014477e+01
3.55000000e+02 7.09418838e-01 1.74260255e+01
3.56000000e+02 7.11422846e-01 1.02506032e+01
3.57000000e+02 7.13426854e-01 3.07518096e+00
3.58000000e+02 7.15430862e-01 4.10648417e+00
3.59000000e+02 7.17434870e-01 1.12928315e+01
3.60000000e+02 7.19438878e-01 1.84791788e+01
3.61000000e+02 7.21442886e-01 2.56655261e+01
3.62000000e+02 7.23446894e-01 3.28518733e+01
3.63000000e+02 7.25450902e-01 4.00382206e+01
3.64000000e+02 7.27454910e-01 4.72245679e+01
3.65000000e+02 7.29458918e-01 5.44109152e+01
3.66000000e+02 7.31462926e-01 6.15972625e+01
3.67000000e+02 7.33466934e-01 6.87836098e+01
3.68000000e+02 7.35470942e-01 7.59699571e+01
3.69000000e+02 7.37474950e-01 8.31563044e+01
3.70000000e+02 7.39478958e-01 9.03426517e+01
3.71000000e+02 7.41482966e-01 9.75289990e+01
3.72000000e+02 7.43486974e-01 1.04715346e+02
3.73000000e+02 7.45490982e-01 1.11901694e+02
3.74000000e+02 7.47494990e-01 1.19088041e+02
3.75000000e+02 7.49498998e-01 1.26274388e+02
3.76000000e+02 7.51503006e-01 1.33460735e+02
3.77000000e+02 7.53507014e-01 1.40647083e+02
3.78000000e+02 7.55511022e-01 1.47833430e+02
3.79000000e+02 7.57515030e-01 1.55019777e+02
3.80000000e+02 7.59519038e-01 1.62206125e+02
3.81000000e+02 7.61523046e-01 1.69392472e+02
3.82000000e+02 7.63527054e-01 1.70885076e+02
3.83000000e+02 7.65531062e-01 1.71037977e+02
3.84000000e+02 7.67535070e-01 1.71190877e+02
3.85000000e+02 7.69539078e-01 1.71343777e+02
3.86000000e+02 7.71543086e-01 1.71496677e+02
3.87000000e+02 7.73547094e-01 1.71649577e+02
3.88000000e+02 7.75551102e-01 1.71802478e+02
3.89000000e+02 7.77555110e-01 1.71955378e+02
3.90000000e+02 7.79559118e-01 1.72108278e+02
3.91000000e+02 7.81563126e-01 1.72261178e+02
3.92000000e+02 7.83567134e-01 1.72414078e+02
3.93000000e+02 7.85571142e-01 1.72566979e+02
3.94000000e+02 7.87575150e-01 1.72719879e+02
3.95000000e+02 7.89579158e-01 1.72872779e+02
3.96000000e+02 7.91583166e-01 1.73025679e+02
3.97000000e+02 7.93587174e-01 1.73178579e+02
3.98000000e+02 7.95591182e-01 1.73331480e+02
3.99000000e+02 7.97595190e-01 1.73484380e+02
4.00000000e+02 7.99599198e-01 1.73637280e+02
4.01000000e+02 8.01603206e-01 1.73790180e+02
4.02000000e+02 8.03607214e-01 1.73943080e+02
4.03000000e+02 8.05611222e-01 1.74095981e+02
4.04000000e+02 8.07615230e-01 1.74248881e+02
4.05000000e+02 8.09619238e-01 1.74398140e+02
4.06000000e+02 8.11623246e-01 1.74474591e+02
4.07000000e+02 8.13627255e-01 1.74551041e+02
4.08000000e+02 8.15631263e-01 1.74627491e+02
4.09000000e+02 8.17635271e-01 1.74703941e+02
4.10000000e+02 8.19639279e-01 1.74780391e+02
4.11000000e+02 8.21643287e-01 1.74856841e+02
4.12000000e+02 8.23647295e-01 1.74933291e+02
4.13000000e+02 8.25651303e-01 1.75009741e+02
4.14000000e+02 8.27655311e-01 1.75086191e+02
4.15000000e+02 8.29659319e-01 1.75162641e+02
4.16000000e+02 8.31663327e-01 1.75239092e+02
4.17000000e+02 8.33667335e-01 1.75315542e+02
4.18000000e+02 8.35671343e-01 1.75391992e+02
4.19000000e+02 8.37675351e-01 1.75468442e+02
4.20000000e+02 8.39679359e-01 1.75544892e+02
4.21000000e+02 8.41683367e-01 1.75621342e+02
4.22000000e+02 8.43687375e-01 1.75697792e+02
4.23000000e+02 8.45691383e-01 1.75774242e+02
4.24000000e+02 8.47695391e-01 1.75850692e+02
4.25000000e+02 8.49699399e-01 1.75927142e+02
4.26000000e+02 8.51703407e-01 1.76003593e+02
4.27000000e+02 8.53707415e-01 1.76080043e+02
4.28000000e+02 8.55711423e-01 1.76156493e+02
4.29000000e+02 8.57715431e-01 1.74092329e+02
4.30000000e+02 8.59719439e-01 1.66676632e+02
4.31000000e+02 8.61723447e-01 1.59260934e+02
4.32000000e+02 8.63727455e-01 1.51845236e+02
4.33000000e+02 8.65731463e-01 1.44429539e+02
4.34000000e+02 8.67735471e-01 1.37013841e+02
4.35000000e+02 8.69739479e-01 1.29598144e+02
4.36000000e+02 8.71743487e-01 1.22182446e+02
4.37000000e+02 8.73747495e-01 1.14766748e+02
4.38000000e+02 8.75751503e-01 1.07351051e+02
4.39000000e+02 8.77755511e-01 9.99353533e+01
4.40000000e+02 8.79759519e-01 9.25196557e+01
4.41000000e+02 8.81763527e-01 8.51039581e+01
4.42000000e+02 8.83767535e-01 7.76882605e+01
4.43000000e+02 8.85771543e-01 7.02725629e+01
4.44000000e+02 8.87775551e-01 6.28568653e+01
4.45000000e+02 8.89779559e-01 5.54411677e+01
4.46000000e+02 8.91783567e-01 4.80254701e+01
4.47000000e+02 8.93787575e-01 4.06097725e+01
4.48000000e+02 8.95791583e-01 3.31940749e+01
4.49000000e+02 8.97795591e-01 2.57783774e+01
4.50000000e+02 8.99799599e-01 1.83626798e+01
4.51000000e+02 9.01803607e-01 1.09469822e+01
4.52000000e+02 9.03807615e-01 3.53128457e+00
4.53000000e+02 9.05811623e-01 3.89013347e+00
4.54000000e+02 9.07815631e-01 1.13167519e+01
4.55000000e+02 9.09819639e-01 1.87433703e+01
4.56000000e+02 9.11823647e-01 2.61699888e+01
4.57000000e+02 9.13827655e-01 3.35966072e+01
4.58000000e+02 9.15831663e-01 4.10232257e+01
4.59000000e+02 9.17835671e-01 4.84498441e+01
4.60000000e+02 9.19839679e-01 5.58764625e+01
4.61000000e+02 9.21843687e-01 6.33030810e+01
4.62000000e+02 9.23847695e-01 7.07296994e+01
4.63000000e+02 9.25851703e-01 7.81563178e+01
4.64000000e+02 9.27855711e-01 8.55829363e+01
4.65000000e+02 9.29859719e-01 9.30095547e+01
4.66000000e+02 9.31863727e-01 1.00436173e+02
4.67000000e+02 9.33867735e-01 1.07862792e+02
4.68000000e+02 9.35871743e-01 1.15289410e+02
4.69000000e+02 9.37875752e-01 1.22716028e+02
4.70000000e+02 9.39879760e-01 1.30142647e+02
4.71000000e+02 9.41883768e-01 1.37569265e+02
4.72000000e+02 9.43887776e-01 1.44995884e+02
4.73000000e+02 9.45891784e-01 1.52422502e+02
4.74000000e+02 9.47895792e-01 1.59849121e+02
4.75000000e+02 9.49899800e-01 1.67275739e+02
4.76000000e+02 9.51903808e-01 1.74702358e+02
4.77000000e+02 9.53907816e-01 1.76478921e+02
4.78000000e+02 9.55911824e-01 1.76489841e+02
4.79000000e+02 9.57915832e-01 1.76500762e+02
4.80000000e+02 9.59919840e-01 1.76511683e+02
4.81000000e+02 9.61923848e-01 1.76522604e+02
4.82000000e+02 9.63927856e-01 1.76533525e+02
4.83000000e+02 9.65931864e-01 1.76544446e+02
4.84000000e+02 9.67935872e-01 1.76555367e+02
4.85000000e+02 9.69939880e-01 1.76566287e+02
4.86000000e+02 9.71943888e-01 1.76577208e+02
4.87000000e+02 9.73947896e-01 1.76588129e+02
4.88000000e+02 9.75951904e-01 1.76599050e+02
4.89000000e+02 9.77955912e-01 1.76609971e+02
4.90000000e+02 9.79959920e-01 1.76620892e+02
4.91000000e+02 9.81963928e-01 1.76631812e+02
4.92000000e+02 9.83967936e-01 1.76642733e+02
4.93000000e+02 9.85971944e-01 1.76653654e+02
4.94000000e+02 9.87975952e-01 1.76664575e+02
4.95000000e+02 9.89979960e-01 1.76675496e+02
4.96000000e+02 9.91983968e-01 1.76686417e+02
4.97000000e+02 9.93987976e-01 1.76697337e+02
4.98000000e+02 9.95991984e-01 1.76708258e+02
4.99000000e+02 9.97995992e-01 1.76719179e+02
5.00000000e+02 1.00000000e+00 1.76730100e+02
